 46
 46
 46
 46
 46
 46
 46
 46
 46
 46
 46
 46
 46
 46
 46
 46
 46
 46
 46
 46
 46
 46
 46
 46
 46
 46
 46
 46
 46
 46
 46
 46
 46
 46
 46
 46
 46
 46
 46
 46
 46
 46
 46
 46
 46
 46
 46
 46
 46
 46
 46
 46
 46
 46
 46
 46
 46
 93
 99
 100
 100
 100
 99
 99
 96
 94
 90
 46
 46
 46
 46
 46
 46
 46
 46
 46
 46
 46
 46
 46
 46
 46
 46
 46
 46
 46
 46
 46
 46
 46
 46
 46
 46
 46
 46
 46
 46
 46
 46
 46
 46
 46
 46
 46
 46
 46
 46
 46
 46
 46
 46
 46
 46
 46
 46
 46
 46
 46
 46
 46
 46
 46
 46
 46
 46
 46
 46
 46
 46
 46
 46
 46
 46
 46
 46
 46
 46
 46
 46
 46
 46
 82
 98
 98
 98
 98
 98
 98
 98
 98
 98
 98
 98
 98
 98
 98
 98
 98
 98
 98
 98
 98
 98
 98
 98
 98
 98
 98
 98
 98
 98
 98
 98
 98
 98
 98
 98
 98
 98
 98
 98
 98
 98
 98
 98
 98
 98
 98
 98
 98
 98
 98
 98
 98
 98
 98
 98
 98
 98
 98
 98
 98
 46
 46
 46
 46
 46
 46
 46
 46
 46
 46
 46
 89
 46
 46
 46
 46
 46
 46
 46
 46
 46
 46
 46
 46
 46
 46
 46
 46
 46
 46
 46
 46
 46
 46
 46
 46
 46
 46
 46
 46
 46
 46
 46
 46
 46
 46
 46
 46
 46
 46
 46
 46
 46
 46
 46
 46
 46
 46
 46
 46
 46
 46
 46
 46
 46
 46
 46
 46
 46
 46
 46
 46
 46
 46
 46
 46
 83
 98
 98
 98
 98
 98
 98
 98
 46
 85
 82
 79
 76
 73
 71
 68
 67
 65
 64
 63
 63
 63
 63
 63
 63
 63
 63
 63
 62
 62
 61
 60
 59
 57
 56
 54
 52
 50
 48
 46
 45
 43
 41
 40
 39
 37
 37
 36
 35
 34
 34
 34
 33
 33
 33
 33
 32
 32
 32
 32
 33
 33
 35
 37
 39
 42
 46
 51
 56
 61
 66
 71
 77
 81
 85
 88
 82
 98
 46
 89
 82
 82
 82
 82
 82
 82
 82
 82
 82
 82
 82
 82
 82
 82
 82
 82
 82
 82
 82
 82
 82
 82
 82
 82
 82
 82
 82
 82
 82
 82
 82
 82
 82
 82
 82
 82
 82
 82
 82
 82
 82
 82
 82
 82
 82
 82
 82
 82
 82
 82
 82
 82
 82
 82
 82
 82
 82
 82
 82
 82
 82
 82
 82
 82
 98
 46
 46
 46
 46
 46
 90
 82
 82
 82
 82
 82
 82
 82
 82
 82
 82
 82
 82
 82
 82
 82
 82
 82
 82
 82
 82
 82
 82
 82
 82
 82
 82
 82
 82
 82
 82
 82
 82
 82
 82
 82
 82
 82
 82
 82
 82
 82
 82
 82
 82
 82
 82
 82
 82
 82
 82
 82
 82
 82
 82
 82
 82
 82
 82
 82
 82
 82
 82
 82
 82
 82
 98
 46
 90
 82
 82
 82
 82
 82
 82
 82
 82
 82
 82
 82
 82
 82
 82
 82
 82
 82
 82
 82
 82
 82
 82
 82
 82
 82
 82
 82
 82
 82
 82
 82
 82
 82
 82
 82
 82
 82
 82
 82
 82
 82
 82
 82
 82
 82
 82
 82
 82
 82
 82
 82
 82
 82
 82
 82
 82
 82
 82
 82
 82
 82
 82
 98
 98
 98
 98
 98
 98
 98
 98
 46
 85
 80
 76
 72
 68
 64
 61
 58
 56
 55
 54
 53
 53
 53
 53
 54
 54
 54
 54
 54
 53
 52
 51
 49
 47
 45
 42
 39
 37
 34
 46
 46
 46
 46
 46
 46
 46
 46
 46
 46
 82
 82
 82
 98
 98
 98
 98
 98
 98
 98
 98
 98
 98
 98
 98
 98
 98
 46
 93
 94
 94
 93
 91
 82
 82
 82
 82
 82
 82
 82
 82
 82
 82
 82
 82
 82
 82
 82
 82
 82
 82
 82
 82
 82
 82
 82
 82
 82
 82
 82
 82
 82
 82
 82
 82
 82
 82
 82
 82
 82
 82
 82
 98
 98
 98
 98
 98
 98
 98
 98
 98
 98
 98
 98
 98
 98
 98
 98
 98
 98
 98
 98
 98
 98
 98
 98
 98
 46
 89
 82
 82
 82
 82
 82
 82
 82
 82
 82
 82
 82
 82
 82
 82
 82
 82
 46
 46
 46
 46
 46
 46
 46
 46
 46
 46
 46
 46
 46
 46
 46
 46
 46
 46
 46
 46
 46
 46
 46
 46
 46
 46
 46
 46
 46
 46
 46
 46
 46
 46
 46
 46
 46
 46
 46
 46
 46
 46
 46
 46
 46
 46
 46
 46
 46
 46
 46
 46
 46
 46
 46
 46
 46
 93
 99
 100
 100
 100
 99
 99
 96
 94
 90
 46
 46
 46
 46
 46
 46
 46
 46
 46
 46
 46
 46
 46
 46
 46
 46
 46
 46
 46
 46
 46
 46
 46
 46
 46
 46
 46
 46
 46
 46
 46
 46
 46
 46
 46
 46
 46
 46
 46
 46
 46
 46
 46
 46
 46
 46
 46
 46
 46
 46
 46
 46
 46
 46
 46
 46
 46
 46
 46
 46
 46
 46
 46
 46
 46
 46
 46
 46
 46
 46
 46
 46
 46
 46
 82
 98
 98
 98
 98
 98
 98
 98
 98
 98
 98
 98
 98
 98
 98
 98
 98
 98
 98
 98
 98
 98
 98
 98
 98
 98
 98
 98
 98
 98
 98
 98
 98
 98
 98
 98
 98
 98
 98
 98
 98
 98
 98
 98
 98
 98
 98
 98
 98
 98
 98
 98
 98
 98
 98
 98
 98
 98
 98
 98
 98
 46
 46
 46
 46
 46
 46
 46
 46
 46
 46
 46
 89
 46
 46
 46
 46
 46
 46
 46
 46
 46
 46
 46
 46
 46
 46
 46
 46
 46
 46
 46
 46
 46
 46
 46
 46
 46
 46
 46
 46
 46
 46
 46
 46
 46
 46
 46
 46
 46
 46
 46
 46
 46
 46
 46
 46
 46
 46
 46
 46
 46
 46
 46
 46
 46
 46
 46
 46
 46
 46
 46
 46
 46
 46
 46
 46
 83
 98
 98
 98
 98
 98
 98
 98
 46
 85
 82
 79
 76
 73
 71
 68
 67
 65
 64
 63
 63
 63
 63
 63
 63
 63
 63
 63
 62
 62
 61
 60
 59
 57
 56
 54
 52
 50
 48
 46
 45
 43
 41
 40
 39
 37
 37
 36
 35
 34
 34
 34
 33
 33
 33
 33
 32
 32
 32
 32
 33
 33
 35
 37
 39
 42
 46
 51
 56
 61
 66
 71
 77
 81
 85
 88
 82
 98
 46
 89
 82
 82
 82
 82
 82
 82
 82
 82
 82
 82
 82
 82
 82
 82
 82
 82
 82
 82
 82
 82
 82
 82
 82
 82
 82
 82
 82
 82
 82
 82
 82
 82
 82
 82
 82
 82
 82
 82
 82
 82
 82
 82
 82
 82
 82
 82
 82
 82
 82
 82
 82
 82
 82
 82
 82
 82
 82
 82
