 68
 65
 63
 62
 62
 62
 63
 64
 65
 67
 68
 69
 70
 71
 71
 70
 69
 67
 65
 63
 60
 57
 54
 51
 47
 44
 41
 38
 35
 33
 46
 46
 46
 46
 46
 46
 46
 46
 46
 46
 46
 46
 46
 46
 46
 46
 46
 46
 46
 35
 41
 48
 55
 63
 71
 79
 87
 46
 46
 46
 46
 46
 46
 46
 46
 46
 82
 82
 82
 82
 82
 82
 82
 82
 82
 82
 82
 82
 82
 82
 82
 82
 82
 82
 82
 82
 82
 82
 82
 82
 82
 82
 82
 82
 82
 82
 82
 82
 82
 82
 82
 82
 82
 82
 82
 82
 82
 82
 82
 82
 82
 82
 82
 82
 82
 82
 82
 82
 82
 82
 82
 82
 82
 82
 82
 82
 82
 82
 82
 82
 82
 82
 82
 82
 82
 82
 82
 82
 82
 82
 82
 98
 46
 46
 46
 46
 46
 46
 46
 46
 46
 46
 46
 46
 46
 46
 46
 46
 46
 46
 46
 46
 46
 46
 46
 46
 46
 46
 46
 46
 46
 46
 46
 46
 46
 46
 46
 46
 46
 46
 46
 46
 46
 46
 46
 46
 46
 46
 46
 46
 46
 46
 46
 46
 46
 46
 46
 46
 46
 46
 46
 46
 95
 99
 100
 100
 100
 100
 99
 98
 96
 94
 92
 83
 83
 83
 83
 83
 83
 83
 83
 83
 83
 83
 83
 83
 83
 83
 83
 83
 83
 83
 83
 83
 83
 83
 83
 83
 83
 83
 83
 83
 83
 83
 83
 83
 83
 83
 83
 83
 83
 83
 83
 83
 83
 83
 83
 83
 83
 83
 83
 83
 83
 83
 83
 83
 83
 83
 83
 83
 83
 83
 83
 83
 83
 83
 83
 83
 98
 46
 46
 46
 46
 46
 46
 46
 88
 46
 46
 46
 46
 46
 46
 46
 46
 46
 46
 46
 46
 46
 46
 46
 46
 46
 46
 46
 46
 46
 46
 46
 46
 46
 46
 46
 46
 46
 46
 46
 46
 46
 46
 46
 46
 46
 46
 46
 46
 46
 46
 46
 46
 46
 46
 46
 46
 46
 46
 46
 46
 46
 46
 46
 46
 46
 46
 46
 46
 46
 46
 46
 46
 46
 46
 82
 98
 46
 91
 82
 98
 98
 98
 98
 98
 98
 98
 98
 98
 98
 98
 98
 98
 98
 98
 98
 98
 98
 98
 98
 98
 98
 98
 98
 98
 98
 98
 98
 98
 98
 98
 98
 98
 98
 98
 98
 98
 98
 98
 98
 98
 98
 98
 98
 98
 98
 98
 98
 98
 98
 98
 98
 98
 98
 98
 98
 98
 98
 98
 98
 98
 98
 98
 98
 46
 94
 95
 95
 94
 93
 82
 98
 98
 98
 98
 98
 98
 98
 98
 98
 98
 98
 98
 98
 98
 98
 98
 98
 98
 98
 98
 98
 98
 98
 98
 98
 98
 98
 98
 98
 98
 98
 98
 98
 98
 98
 98
 98
 98
 98
 98
 98
 98
 98
 98
 98
 98
 98
 98
 98
 98
 98
 98
 98
 98
 98
 98
 98
 98
 98
 98
 98
 98
 98
 98
 98
 46
 90
 82
 98
 98
 98
 98
 98
 98
 98
 98
 98
 98
 98
 98
 98
 98
 98
 98
 98
 98
 98
 98
 98
 98
 98
 98
 98
 98
 98
 98
 98
 98
 98
 98
 98
 98
 98
 98
 98
 98
 98
 98
 98
 98
 98
 98
 98
 98
 98
 98
 98
 98
 98
 98
 98
 98
 98
 98
 98
 98
 98
 98
 98
 98
 46
 46
 46
 46
 46
 46
 46
 46
 89
 46
 46
 46
 46
 46
 46
 46
 46
 46
 46
 46
 46
 46
 46
 46
 46
 46
 46
 46
 46
 46
 46
 46
 46
 46
 46
 46
 46
 46
 46
 46
 46
 46
 46
 46
 46
 46
 46
 46
 82
 98
 98
 98
 46
 46
 46
 46
 46
 46
 46
 46
 46
 46
 46
 46
 46
 46
 91
 46
 46
 46
 46
 82
 98
 98
 98
 98
 98
 98
 98
 98
 98
 98
 98
 98
 98
 98
 98
 98
 98
 98
 98
 98
 98
 98
 98
 98
 98
 98
 98
 98
 98
 98
 98
 98
 98
 98
 98
 98
 98
 98
 98
 46
 46
 46
 46
 46
 46
 46
 46
 46
 46
 46
 46
 46
 46
 46
 46
 46
 46
 46
 46
 46
 46
 46
 46
 46
 89
 82
 98
 98
 98
 98
 98
 98
 98
 98
 98
 98
 98
 98
 98
 98
 98
 68
 65
 63
 62
 62
 62
 63
 64
 65
 67
 68
 69
 70
 71
 71
 70
 69
 67
 65
 63
 60
 57
 54
 51
 47
 44
 41
 38
 35
 33
 46
 46
 46
 46
 46
 46
 46
 46
 46
 46
 46
 46
 46
 46
 46
 46
 46
 46
 46
 35
 41
 48
 55
 63
 71
 79
 87
 46
 46
 46
 46
 46
 46
 46
 46
 46
 82
 82
 82
 82
 82
 82
 82
 82
 82
 82
 82
 82
 82
 82
 82
 82
 82
 82
 82
 82
 82
 82
 82
 82
 82
 82
 82
 82
 82
 82
 82
 82
 82
 82
 82
 82
 82
 82
 82
 82
 82
 82
 82
 82
 82
 82
 82
 82
 82
 82
 82
 82
 82
 82
 82
 82
 82
 82
 82
 82
 82
 82
 82
 82
 82
 82
 82
 82
 82
 82
 82
 82
 82
 82
 82
 98
 46
 46
 46
 46
 46
 46
 46
 46
 46
 46
 46
 46
 46
 46
 46
 46
 46
 46
 46
 46
 46
 46
 46
 46
 46
 46
 46
 46
 46
 46
 46
 46
 46
 46
 46
 46
 46
 46
 46
 46
 46
 46
 46
 46
 46
 46
 46
 46
 46
 46
 46
 46
 46
 46
 46
 46
 46
 46
 46
 46
 95
 99
 100
 100
 100
 100
 99
 98
 96
 94
 92
 83
 83
 83
 83
 83
 83
 83
 83
 83
 83
 83
 83
 83
 83
 83
 83
 83
 83
 83
 83
 83
 83
 83
 83
 83
 83
 83
 83
 83
 83
 83
 83
 83
 83
 83
 83
 83
 83
 83
 83
 83
 83
 83
 83
 83
 83
 83
 83
 83
 83
 83
 83
 83
 83
 83
 83
 83
 83
 83
 83
 83
 83
 83
 83
 83
 98
 46
 46
 46
 46
 46
 46
 46
 88
 46
 46
 46
 46
 46
 46
 46
 46
 46
 46
 46
 46
 46
 46
 46
 46
 46
 46
 46
 46
 46
 46
 46
 46
 46
 46
 46
 46
 46
 46
 46
 46
 46
 46
 46
 46
 46
 46
 46
 46
 46
 46
 46
 46
 46
 46
 46
 46
 46
 46
 46
 46
 46
 46
 46
 46
 46
 46
 46
 46
 46
 46
 46
 46
 46
 46
 82
 98
 46
 91
 82
 98
 98
 98
 98
 98
 98
 98
 98
 98
 98
 98
 98
 98
 98
 98
 98
 98
 98
 98
 98
 98
 98
 98
 98
 98
 98
 98
 98
 98
 98
 98
 98
 98
 98
 98
 98
 98
 98
 98
 98
 98
 98
 98
 98
 98
 98
 98
 98
 98
 98
 98
 98
 98
 98
 98
 98
 98
 98
