 46
 46
 46
 46
 46
 46
 46
 46
 46
 46
 46
 46
 46
 46
 46
 46
 46
 46
 46
 46
 46
 46
 46
 46
 46
 46
 46
 46
 46
 46
 46
 46
 46
 46
 46
 46
 46
 46
 46
 46
 46
 46
 46
 46
 46
 46
 46
 46
 46
 46
 46
 46
 46
 46
 46
 46
 82
 82
 82
 82
 82
 82
 82
 82
 82
 82
 98
 98
 98
 98
 98
 98
 98
 98
 98
 98
 98
 98
 98
 98
 98
 98
 98
 98
 98
 98
 98
 98
 98
 98
 98
 98
 98
 98
 98
 98
 98
 98
 98
 98
 98
 98
 98
 98
 98
 98
 98
 98
 98
 98
 98
 98
 98
 98
 98
 98
 98
 98
 98
 98
 98
 98
 98
 98
 98
 98
 98
 98
 98
 98
 98
 98
 98
 98
 98
 98
 98
 98
 98
 98
 98
 46
 86
 83
 80
 77
 74
 72
 71
 69
 69
 68
 68
 68
 68
 68
 68
 68
 67
 67
 65
 64
 62
 61
 59
 57
 56
 54
 53
 52
 51
 50
 49
 49
 48
 47
 46
 46
 45
 45
 44
 44
 43
 43
 42
 42
 42
 42
 42
 42
 43
 45
 47
 49
 53
 57
 62
 67
 73
 79
 85
 90
 46
 46
 46
 46
 46
 46
 46
 46
 46
 46
 83
 98
 98
 98
 98
 98
 98
 98
 98
 98
 98
 98
 98
 98
 98
 98
 98
 98
 98
 98
 98
 98
 98
 98
 98
 98
 98
 98
 98
 98
 98
 98
 98
 98
 98
 98
 98
 98
 98
 98
 98
 98
 98
 98
 98
 98
 98
 98
 98
 98
 98
 98
 98
 98
 98
 98
 98
 98
 98
 98
 98
 98
 98
 98
 98
 98
 46
 93
 95
 96
 96
 95
 93
 91
 83
 83
 83
 83
 83
 83
 83
 83
 83
 83
 83
 83
 83
 83
 83
 83
 83
 83
 83
 83
 83
 83
 83
 83
 83
 83
 83
 83
 83
 83
 83
 83
 83
 83
 83
 83
 83
 83
 83
 83
 83
 83
 83
 83
 83
 83
 83
 83
 83
 83
 83
 83
 83
 83
 83
 83
 83
 83
 83
 83
 83
 83
 82
 82
 82
 82
 82
 98
 46
 91
 82
 98
 46
 46
 46
 46
 46
 46
 46
 46
 46
 46
 46
 46
 46
 46
 46
 46
 46
 46
 46
 46
 46
 46
 46
 46
 46
 46
 46
 46
 46
 46
 46
 46
 46
 46
 46
 46
 46
 46
 46
 46
 46
 46
 46
 46
 46
 46
 46
 46
 46
 46
 46
 46
 46
 46
 46
 46
 46
 46
 46
 46
 46
 46
 46
 46
 91
 46
 46
 46
 46
 82
 98
 46
 46
 46
 46
 46
 46
 46
 46
 46
 46
 46
 46
 46
 46
 46
 46
 46
 46
 46
 46
 46
 46
 46
 46
 46
 46
 46
 46
 46
 46
 46
 46
 46
 46
 46
 46
 46
 46
 46
 46
 46
 46
 46
 46
 46
 46
 46
 46
 46
 46
 46
 46
 46
 46
 46
 46
 46
 46
 46
 46
 46
 46
 46
 46
 46
 90
 82
 98
 46
 46
 46
 46
 46
 46
 46
 46
 46
 46
 46
 46
 46
 46
 46
 46
 46
 46
 46
 46
 46
 46
 46
 46
 46
 46
 46
 46
 46
 46
 46
 46
 46
 46
 46
 46
 46
 46
 46
 46
 46
 46
 46
 46
 46
 46
 46
 46
 46
 46
 46
 46
 46
 46
 46
 46
 46
 46
 46
 46
 46
 46
 95
 98
 100
 100
 99
 98
 96
 93
 82
 82
 82
 82
 82
 82
 82
 82
 82
 82
 82
 82
 82
 82
 82
 82
 82
 82
 82
 82
 82
 82
 82
 82
 82
 82
 82
 82
 82
 82
 82
 82
 82
 82
 82
 82
 82
 82
 82
 82
 98
 46
 46
 46
 46
 46
 46
 46
 46
 34
 40
 48
 55
 62
 70
 76
 82
 87
 82
 82
 82
 82
 82
 98
 46
 46
 46
 46
 46
 46
 46
 46
 46
 46
 46
 46
 46
 46
 46
 46
 46
 46
 46
 46
 46
 46
 46
 46
 46
 46
 46
 46
 46
 46
 46
 46
 46
 46
 46
 46
 46
 46
 46
 46
 46
 46
 46
 46
 46
 46
 46
 46
 46
 46
 46
 46
 46
 46
 36
 43
 50
 58
 65
 71
 77
 82
 85
 88
 82
 98
 46
 46
 46
 46
 46
 46
 46
 46
 46
 46
 46
 46
 46
 46
 46
 46
 46
 46
 46
 46
 46
 46
 46
 46
 46
 46
 46
 46
 46
 46
 46
 46
 46
 46
 46
 46
 46
 46
 46
 46
 46
 46
 46
 46
 46
 46
 46
 46
 46
 46
 46
 46
 46
 46
 46
 46
 46
 46
 46
 46
 46
 46
 46
 46
 46
 46
 46
 46
 46
 46
 46
 82
 82
 82
 82
 82
 82
 82
 82
 82
 82
 98
 98
 98
 98
 98
 98
 98
 98
 98
 98
 98
 98
 98
 98
 98
 98
 98
 98
 98
 98
 98
 98
 98
 98
 98
 98
 98
 98
 98
 98
 98
 98
 98
 98
 98
 98
 98
 98
 98
 98
 98
 98
 98
 98
 98
 98
 98
 98
 98
 98
 98
 98
 98
 98
 98
 98
 98
 98
 98
 98
 98
 98
 98
 98
 98
 98
 98
 98
 98
 98
 98
 98
 98
 98
 98
 46
 86
 83
 80
 77
 74
 72
 71
 69
 69
 68
 68
 68
 68
 68
 68
 68
 67
 67
 65
 64
 62
 61
 59
 57
 56
 54
 53
 52
 51
 50
 49
 49
 48
 47
 46
 46
 45
 45
 44
 44
 43
 43
 42
 42
 42
 42
 42
 42
 43
 45
 47
 49
 53
 57
 62
 67
 73
 79
 85
 90
 46
 46
 46
 46
 46
 46
 46
 46
 46
 46
 83
 98
 98
 98
 98
 98
 98
 98
 98
 98
 98
 98
 98
 98
 98
 98
 98
 98
 98
 98
 98
 98
 98
 98
 98
 98
 98
 98
 98
 98
 98
 98
 98
 98
 98
 98
 98
 98
 98
 98
 98
 98
 98
 98
 98
 98
 98
 98
 98
 98
 98
 98
 98
 98
 98
 98
 98
 98
 98
 98
 98
 98
 98
 98
 98
 98
 46
 93
 95
 96
 96
 95
 93
 91
 83
 83
 83
 83
 83
 83
 83
 83
 83
 83
 83
 83
 83
 83
 83
 83
 83
 83
 83
 83
 83
 83
 83
 83
 83
 83
 83
 83
 83
 83
 83
 83
 83
 83
 83
 83
 83
 83
 83
 83
 83
 83
 83
 83
 83
 83
 83
 83
 83
 83
 83
 83
 83
 83
 83
 83
 83
 83
 83
 83
 83
 83
 82
 82
 82
 82
 82
 98
 46
 91
 82
 98
 46
 46
 46
 46
 46
 46
 46
 46
 46
 46
 46
 46
 46
 46
 46
 46
 46
 46
 46
 46
 46
 46
 46
 46
 46
 46
 46
 46
 46
 46
 46
 46
 46
 46
 46
 46
 46
 46
 46
 46
 46
 46
 46
 46
 46
 46
 46
 46
 46
 46
 46
 46
 46
 46
 46
 46
 46
 46
