 82
 82
 82
 82
 82
 82
 82
 82
 82
 82
 82
 82
 82
 82
 82
 82
 82
 82
 82
 82
 82
 82
 82
 82
 82
 82
 82
 82
 82
 82
 82
 82
 82
 82
 82
 82
 82
 82
 82
 82
 82
 82
 82
 82
 82
 82
 82
 82
 82
 82
 82
 82
 82
 82
 82
 82
 98
 98
 98
 98
 98
 98
 98
 98
 98
 98
 46
 46
 46
 46
 46
 46
 46
 46
 46
 46
 46
 46
 46
 46
 46
 46
 46
 46
 46
 46
 46
 46
 46
 46
 46
 46
 46
 46
 46
 46
 46
 46
 46
 46
 46
 46
 46
 46
 46
 46
 46
 46
 46
 46
 46
 46
 46
 46
 46
 46
 46
 46
 46
 46
 46
 46
 46
 46
 46
 46
 46
 46
 46
 46
 46
 46
 46
 46
 46
 46
 46
 46
 46
 46
 46
 89
 46
 46
 46
 46
 46
 46
 46
 46
 46
 46
 46
 46
 46
 46
 46
 46
 46
 46
 46
 46
 46
 46
 46
 46
 46
 46
 46
 46
 46
 46
 46
 46
 46
 46
 46
 46
 46
 46
 46
 46
 46
 46
 46
 46
 46
 46
 46
 46
 46
 46
 46
 46
 46
 46
 46
 46
 46
 46
 46
 83
 83
 83
 83
 83
 83
 83
 83
 83
 83
 83
 98
 46
 46
 46
 46
 46
 46
 46
 46
 46
 46
 46
 46
 46
 46
 46
 46
 46
 46
 46
 46
 46
 46
 46
 46
 46
 46
 46
 46
 46
 46
 46
 46
 46
 46
 46
 46
 46
 46
 46
 46
 46
 46
 46
 46
 46
 46
 46
 46
 46
 46
 46
 46
 46
 46
 46
 46
 46
 46
 46
 46
 46
 46
 46
 46
 46
 91
 46
 46
 46
 46
 46
 46
 83
 98
 98
 98
 98
 98
 98
 98
 98
 98
 98
 98
 98
 98
 98
 98
 98
 98
 98
 98
 98
 98
 98
 98
 98
 98
 98
 98
 98
 98
 98
 98
 98
 98
 98
 98
 98
 98
 98
 98
 98
 98
 98
 98
 98
 98
 98
 98
 98
 98
 98
 98
 98
 98
 98
 98
 98
 98
 98
 98
 98
 98
 98
 98
 98
 98
 98
 98
 46
 91
 82
 98
 46
 85
 82
 79
 75
 72
 69
 66
 64
 62
 60
 59
 58
 58
 58
 58
 58
 58
 58
 59
 59
 59
 58
 58
 57
 56
 54
 53
 51
 49
 47
 45
 43
 42
 40
 38
 37
 35
 34
 33
 32
 46
 46
 46
 46
 46
 46
 46
 46
 46
 46
 46
 32
 34
 37
 41
 46
 51
 56
 62
 68
 74
 79
 84
 88
 82
 82
 82
 82
 82
 98
 46
 84
 81
 77
 74
 70
 67
 64
 62
 60
 59
 58
 58
 58
 58
 58
 58
 58
 58
 58
 58
 57
 57
 55
 54
 52
 51
 48
 46
 44
 42
 39
 37
 35
 32
 46
 46
 46
 46
 46
 46
 46
 46
 46
 46
 46
 46
 46
 46
 46
 46
 46
 46
 46
 46
 32
 37
 43
 50
 57
 63
 70
 76
 81
 85
 88
 82
 98
 46
 86
 82
 79
 74
 70
 66
 62
 58
 54
 51
 49
 47
 46
 46
 45
 45
 46
 46
 47
 48
 48
 49
 49
 48
 48
 47
 46
 45
 43
 41
 39
 37
 35
 33
 46
 46
 46
 46
 46
 46
 46
 46
 46
 46
 46
 46
 46
 46
 46
 46
 46
 46
 46
 36
 42
 49
 56
 63
 71
 78
 84
 90
 46
 46
 46
 46
 46
 46
 46
 82
 98
 98
 98
 98
 98
 98
 98
 98
 98
 98
 98
 98
 98
 98
 98
 98
 98
 98
 98
 98
 98
 98
 98
 98
 98
 98
 98
 98
 98
 98
 98
 98
 98
 98
 98
 98
 98
 98
 98
 98
 46
 46
 46
 46
 46
 46
 46
 46
 46
 46
 46
 46
 46
 46
 46
 46
 46
 82
 98
 98
 98
 98
 98
 46
 85
 81
 76
 72
 68
 64
 60
 57
 54
 51
 50
 49
 48
 48
 47
 48
 48
 48
 48
 48
 47
 47
 46
 45
 43
 42
 39
 37
 35
 32
 46
 46
 46
 46
 46
 46
 46
 46
 46
 46
 46
 46
 46
 46
 46
 46
 46
 46
 46
 46
 46
 46
 46
 46
 46
 46
 46
 46
 46
 46
 46
 46
 46
 82
 98
 46
 85
 82
 79
 75
 71
 66
 62
 58
 55
 52
 49
 47
 46
 45
 44
 82
 82
 82
 82
 82
 82
 82
 82
 82
 82
 82
 82
 82
 82
 82
 82
 82
 82
 82
 82
 82
 82
 82
 82
 82
 82
 82
 82
 82
 82
 82
 82
 82
 82
 82
 82
 82
 82
 82
 82
 82
 82
 82
 82
 82
 82
 82
 82
 82
 82
 82
 82
 82
 82
 82
 82
 98
 98
 98
 98
 98
 98
 98
 98
 98
 98
 46
 46
 46
 46
 46
 46
 46
 46
 46
 46
 46
 46
 46
 46
 46
 46
 46
 46
 46
 46
 46
 46
 46
 46
 46
 46
 46
 46
 46
 46
 46
 46
 46
 46
 46
 46
 46
 46
 46
 46
 46
 46
 46
 46
 46
 46
 46
 46
 46
 46
 46
 46
 46
 46
 46
 46
 46
 46
 46
 46
 46
 46
 46
 46
 46
 46
 46
 46
 46
 46
 46
 46
 46
 46
 46
 89
 46
 46
 46
 46
 46
 46
 46
 46
 46
 46
 46
 46
 46
 46
 46
 46
 46
 46
 46
 46
 46
 46
 46
 46
 46
 46
 46
 46
 46
 46
 46
 46
 46
 46
 46
 46
 46
 46
 46
 46
 46
 46
 46
 46
 46
 46
 46
 46
 46
 46
 46
 46
 46
 46
 46
 46
 46
 46
 46
 83
 83
 83
 83
 83
 83
 83
 83
 83
 83
 83
 98
 46
 46
 46
 46
 46
 46
 46
 46
 46
 46
 46
 46
 46
 46
 46
 46
 46
 46
 46
 46
 46
 46
 46
 46
 46
 46
 46
 46
 46
 46
 46
 46
 46
 46
 46
 46
 46
 46
 46
 46
 46
 46
 46
 46
 46
 46
 46
 46
 46
 46
 46
 46
 46
 46
 46
 46
 46
 46
 46
 46
 46
 46
 46
 46
 46
 91
 46
 46
 46
 46
 46
 46
 83
 98
 98
 98
 98
 98
 98
 98
 98
 98
 98
 98
 98
 98
 98
 98
 98
 98
 98
 98
 98
 98
 98
 98
 98
 98
 98
 98
 98
 98
 98
 98
 98
 98
 98
 98
 98
 98
 98
 98
 98
 98
 98
 98
 98
 98
 98
 98
 98
 98
 98
 98
 98
 98
 98
 98
 98
 98
 98
 98
 98
 98
 98
 98
 98
 98
 98
 98
 46
 91
 82
 98
 46
 85
 82
 79
 75
 72
 69
 66
 64
 62
 60
 59
 58
 58
 58
 58
 58
 58
 58
 59
 59
 59
 58
 58
 57
 56
 54
 53
 51
 49
 47
 45
 43
 42
 40
 38
 37
 35
 34
 33
 32
 46
 46
 46
 46
 46
 46
 46
 46
 46
 46
 46
 32
 34
 37
 41
 46
 51
