 98
 98
 98
 98
 98
 98
 98
 98
 98
 98
 98
 98
 98
 98
 98
 98
 98
 98
 98
 98
 98
 98
 98
 98
 98
 98
 98
 98
 98
 98
 98
 98
 98
 98
 98
 98
 98
 98
 98
 98
 98
 98
 98
 98
 98
 98
 98
 98
 98
 98
 98
 98
 98
 98
 98
 98
 46
 46
 46
 46
 46
 46
 46
 46
 46
 46
 86
 81
 77
 73
 69
 65
 62
 59
 57
 55
 55
 54
 54
 55
 55
 56
 56
 57
 57
 57
 57
 56
 55
 53
 52
 50
 47
 45
 42
 40
 37
 35
 32
 46
 46
 46
 46
 46
 46
 46
 46
 46
 46
 46
 46
 46
 46
 46
 46
 46
 46
 46
 46
 46
 46
 46
 37
 43
 51
 59
 68
 77
 86
 95
 100
 100
 100
 100
 100
 100
 99
 99
 97
 95
 92
 82
 82
 82
 82
 82
 82
 82
 82
 83
 83
 83
 83
 83
 83
 83
 83
 83
 83
 83
 83
 83
 83
 83
 83
 83
 83
 83
 83
 83
 83
 83
 83
 83
 83
 83
 83
 83
 83
 83
 83
 83
 83
 83
 83
 83
 83
 83
 83
 83
 83
 83
 83
 83
 83
 83
 83
 83
 83
 83
 83
 98
 98
 98
 98
 98
 98
 98
 98
 98
 98
 98
 46
 86
 83
 80
 78
 75
 73
 72
 71
 70
 70
 69
 69
 69
 70
 70
 70
 70
 69
 69
 68
 67
 66
 65
 63
 62
 60
 59
 57
 56
 54
 53
 52
 50
 49
 48
 47
 46
 46
 45
 44
 44
 44
 43
 43
 42
 42
 42
 41
 41
 41
 41
 41
 42
 43
 45
 48
 51
 55
 59
 64
 69
 74
 79
 84
 88
 83
 83
 83
 83
 83
 83
 83
 98
 46
 46
 46
 46
 46
 46
 46
 46
 46
 46
 46
 46
 46
 46
 46
 46
 46
 46
 46
 46
 46
 46
 46
 46
 46
 46
 46
 46
 46
 46
 46
 46
 46
 46
 46
 46
 46
 46
 46
 46
 46
 46
 46
 46
 46
 46
 46
 46
 46
 46
 46
 46
 46
 46
 46
 46
 46
 46
 46
 46
 46
 46
 46
 46
 46
 46
 46
 90
 82
 98
 46
 87
 46
 46
 46
 46
 46
 46
 46
 46
 46
 46
 46
 46
 46
 46
 46
 46
 46
 46
 46
 46
 46
 46
 46
 46
 46
 46
 46
 46
 46
 46
 46
 46
 46
 46
 46
 46
 46
 46
 46
 46
 46
 46
 46
 46
 46
 46
 46
 46
 46
 46
 46
 46
 46
 46
 46
 46
 46
 46
 46
 46
 46
 46
 46
 82
 98
 98
 98
 98
 98
 46
 87
 46
 46
 46
 46
 46
 46
 46
 46
 46
 46
 46
 46
 46
 46
 46
 46
 46
 46
 46
 46
 46
 46
 46
 46
 46
 46
 46
 46
 46
 46
 46
 46
 46
 46
 46
 46
 46
 46
 46
 46
 46
 46
 46
 46
 46
 46
 46
 46
 46
 46
 46
 46
 46
 46
 46
 46
 46
 46
 46
 46
 46
 46
 46
 46
 82
 98
 46
 88
 46
 46
 46
 46
 46
 46
 46
 46
 46
 46
 46
 46
 46
 46
 46
 46
 46
 46
 46
 46
 46
 46
 46
 46
 46
 46
 46
 46
 46
 46
 46
 46
 46
 46
 46
 46
 46
 46
 46
 46
 46
 46
 46
 46
 46
 46
 46
 46
 46
 46
 46
 46
 46
 46
 46
 46
 46
 46
 46
 46
 46
 82
 82
 82
 82
 82
 82
 82
 82
 98
 46
 46
 46
 46
 46
 46
 46
 46
 46
 46
 46
 46
 46
 46
 46
 46
 46
 46
 46
 46
 46
 46
 46
 46
 46
 46
 46
 46
 46
 46
 46
 46
 46
 46
 46
 46
 46
 46
 46
 46
 46
 46
 46
 82
 82
 82
 82
 82
 82
 82
 82
 82
 82
 82
 82
 82
 82
 98
 46
 46
 46
 46
 46
 88
 46
 46
 46
 46
 46
 46
 46
 46
 46
 46
 46
 46
 46
 46
 46
 46
 46
 46
 46
 46
 46
 46
 46
 46
 46
 46
 46
 46
 46
 46
 46
 46
 46
 46
 46
 46
 46
 46
 82
 82
 82
 82
 82
 82
 82
 82
 82
 82
 82
 82
 82
 82
 82
 82
 82
 82
 82
 82
 82
 82
 82
 82
 82
 98
 46
 88
 46
 46
 46
 46
 46
 46
 46
 46
 46
 46
 46
 46
 46
 46
 46
 98
 98
 98
 98
 98
 98
 98
 98
 98
 98
 98
 98
 98
 98
 98
 98
 98
 98
 98
 98
 98
 98
 98
 98
 98
 98
 98
 98
 98
 98
 98
 98
 98
 98
 98
 98
 98
 98
 98
 98
 98
 98
 98
 98
 98
 98
 98
 98
 98
 98
 98
 98
 98
 98
 98
 98
 46
 46
 46
 46
 46
 46
 46
 46
 46
 46
 86
 81
 77
 73
 69
 65
 62
 59
 57
 55
 55
 54
 54
 55
 55
 56
 56
 57
 57
 57
 57
 56
 55
 53
 52
 50
 47
 45
 42
 40
 37
 35
 32
 46
 46
 46
 46
 46
 46
 46
 46
 46
 46
 46
 46
 46
 46
 46
 46
 46
 46
 46
 46
 46
 46
 46
 37
 43
 51
 59
 68
 77
 86
 95
 100
 100
 100
 100
 100
 100
 99
 99
 97
 95
 92
 82
 82
 82
 82
 82
 82
 82
 82
 83
 83
 83
 83
 83
 83
 83
 83
 83
 83
 83
 83
 83
 83
 83
 83
 83
 83
 83
 83
 83
 83
 83
 83
 83
 83
 83
 83
 83
 83
 83
 83
 83
 83
 83
 83
 83
 83
 83
 83
 83
 83
 83
 83
 83
 83
 83
 83
 83
 83
 83
 83
 98
 98
 98
 98
 98
 98
 98
 98
 98
 98
 98
 46
 86
 83
 80
 78
 75
 73
 72
 71
 70
 70
 69
 69
 69
 70
 70
 70
 70
 69
 69
 68
 67
 66
 65
 63
 62
 60
 59
 57
 56
 54
 53
 52
 50
 49
 48
 47
 46
 46
 45
 44
 44
 44
 43
 43
 42
 42
 42
 41
 41
 41
 41
 41
 42
 43
 45
 48
 51
 55
 59
 64
 69
 74
 79
 84
 88
 83
 83
 83
 83
 83
 83
 83
 98
 46
 46
 46
 46
 46
 46
 46
 46
 46
 46
 46
 46
 46
 46
 46
 46
 46
 46
 46
 46
 46
 46
 46
 46
 46
 46
 46
 46
 46
 46
 46
 46
 46
 46
 46
 46
 46
 46
 46
 46
 46
 46
 46
 46
 46
 46
 46
 46
 46
 46
 46
 46
 46
 46
 46
 46
 46
 46
 46
 46
 46
 46
 46
 46
 46
 46
 46
 90
 82
 98
 46
 87
 46
 46
 46
 46
 46
 46
 46
 46
 46
 46
 46
 46
 46
 46
 46
 46
 46
 46
 46
 46
 46
 46
 46
 46
 46
 46
 46
 46
 46
 46
 46
 46
 46
 46
 46
 46
 46
 46
 46
 46
 46
 46
 46
 46
 46
 46
 46
 46
 46
 46
 46
 46
 46
 46
 46
 46
 46
